364,364,364,364,364,364,364,364,364,364,364,364,364,364,364,364,364,364,364,364,364,364,364,364,364,52,364,364,364,364,364,364,364,364,364,364,364,364,364,364,364,364,364,364,364,364,364,364,364,364,364,364,364,364,364,364,364,364,364,364,364,364,364,364,364
364,364,364,364,364,364,364,364,364,364,364,364,364,364,364,364,364,364,364,364,364,364,364,364,364,74,364,364,364,364,364,364,364,364,364,364,364,364,364,364,364,364,364,364,364,364,364,364,364,364,364,364,364,364,364,364,364,364,364,364,364,364,364,364,364
364,364,364,364,364,364,364,364,364,364,364,364,364,364,364,182,364,364,364,364,364,364,364,364,364,96,364,364,364,364,364,364,364,364,364,364,364,364,364,364,364,364,364,182,364,364,364,364,364,364,364,52,364,364,364,364,364,364,364,364,364,364,364,364,364
364,364,181,364,364,364,364,364,183,364,364,364,364,364,364,364,364,364,364,364,364,182,364,364,364,118,364,364,364,364,364,364,364,364,364,364,364,364,364,181,364,364,364,52,364,364,364,364,182,364,364,74,364,182,364,364,364,364,364,364,181,364,364,364,364
364,364,364,364,364,52,364,364,364,364,364,364,364,10,364,364,364,364,364,364,364,364,364,364,364,140,364,40,41,42,364,364,40,41,42,364,364,364,364,182,364,364,364,74,364,364,364,364,364,364,364,96,364,364,364,364,52,364,364,364,364,364,364,364,364
364,364,364,364,364,74,364,364,364,364,364,364,31,32,33,34,35,36,35,35,35,364,364,364,364,162,364,62,63,64,42,40,62,63,64,364,364,364,364,364,364,364,364,96,364,364,364,364,364,364,364,118,364,364,364,364,74,364,364,364,364,364,364,364,364
364,364,364,364,364,96,364,183,364,364,364,185,53,54,55,56,57,58,57,57,58,109,364,182,364,364,364,84,85,86,64,62,84,85,86,109,364,364,364,364,364,364,364,118,364,182,364,364,364,364,364,140,364,364,364,364,96,364,364,182,364,364,364,364,364
364,364,364,364,364,118,364,364,364,364,364,185,172,125,125,125,125,125,125,125,174,109,364,364,364,364,364,106,107,108,86,84,106,107,108,109,364,52,364,364,364,364,364,140,364,364,364,364,364,182,364,162,364,364,364,364,118,364,364,364,364,364,364,364,364
364,364,182,364,364,140,364,364,364,364,364,364,172,125,173,125,125,125,173,125,174,131,364,274,275,276,364,128,129,129,129,129,129,129,130,131,364,74,364,364,182,364,183,162,364,364,364,364,364,364,364,364,364,364,364,364,140,364,364,364,364,364,364,364,364
364,364,364,364,364,162,364,364,364,364,364,364,97,100,101,100,100,100,101,100,102,153,364,296,297,298,364,150,151,151,151,151,151,151,152,153,364,96,364,364,364,364,364,364,364,364,364,364,364,364,364,10,364,364,364,364,162,364,364,364,364,364,364,364,364
364,364,364,364,364,364,364,364,364,364,364,364,119,120,121,122,123,124,78,123,124,175,364,364,364,364,364,172,173,174,121,122,172,173,174,175,364,118,364,364,364,364,364,364,364,364,364,364,364,185,31,32,33,34,35,36,364,364,364,40,41,42,364,364,364
364,364,364,364,364,364,364,182,364,364,364,364,141,142,143,144,145,146,147,147,196,197,364,364,364,364,364,194,195,196,143,144,194,195,196,197,364,140,364,364,364,182,364,364,364,364,182,364,364,185,53,54,55,56,57,58,364,364,364,62,63,64,364,364,364
364,364,364,364,364,364,364,364,364,364,364,364,364,364,165,166,364,185,185,364,364,364,182,364,52,364,364,364,364,364,165,166,364,185,185,364,364,162,364,364,364,364,364,364,364,364,364,364,364,185,75,76,77,78,79,80,81,82,83,84,85,86,364,364,364
364,364,181,364,364,364,364,364,364,364,364,364,364,364,192,192,364,364,364,364,364,364,364,364,74,364,364,183,364,364,192,192,364,364,364,364,364,364,364,364,364,364,364,364,364,364,364,364,364,364,97,98,99,100,101,102,103,104,105,106,107,108,109,364,364
364,364,364,364,364,364,364,364,364,364,364,364,364,364,214,214,364,364,364,364,364,364,364,364,96,364,364,364,364,364,214,214,364,364,364,364,183,364,236,238,238,238,238,238,236,364,364,183,364,364,119,120,121,122,123,124,125,126,184,128,129,130,131,364,364
364,364,364,364,182,364,364,364,52,364,182,364,364,364,214,214,364,364,183,364,364,364,364,364,118,364,364,364,364,364,214,214,364,364,364,364,364,364,214,364,364,364,52,364,214,364,364,364,364,364,141,142,143,144,145,146,147,148,185,150,151,152,153,364,364
364,364,364,364,364,364,364,364,74,364,364,364,364,364,214,214,364,364,364,364,364,364,364,364,140,182,364,364,364,364,214,214,364,364,182,364,364,364,214,364,364,364,74,364,214,364,364,364,364,364,364,364,165,166,364,364,364,364,364,172,173,174,175,364,364
364,364,364,364,364,364,181,364,96,364,364,364,364,364,214,214,364,364,364,364,364,364,364,364,162,364,364,364,364,364,214,214,364,364,364,364,364,364,214,364,364,364,96,364,214,364,364,364,364,364,364,364,192,192,364,364,364,364,364,194,195,196,197,364,364
364,364,364,364,364,364,364,364,118,364,181,181,364,364,214,214,364,364,364,364,364,364,364,364,364,364,364,364,364,364,214,214,364,364,364,364,364,364,214,364,182,364,118,364,214,364,364,364,364,364,364,364,214,214,364,364,364,364,364,185,185,364,364,364,364
364,364,364,364,364,364,364,364,140,364,364,364,364,364,236,236,238,238,238,238,238,238,238,238,238,238,238,238,238,238,236,236,238,238,238,238,238,181,236,364,364,364,140,364,236,238,238,238,238,238,238,238,236,214,364,364,182,364,364,364,364,364,364,364,364
364,364,364,364,364,364,364,364,162,364,364,364,364,364,364,364,364,364,364,364,364,364,364,364,364,364,364,364,364,364,364,364,364,364,364,364,364,364,214,364,364,364,162,364,364,364,364,364,364,364,364,364,214,214,364,364,364,364,364,364,364,364,364,364,364
364,364,10,364,364,364,364,364,364,364,364,364,364,364,364,364,364,364,364,364,364,364,364,364,364,364,364,364,364,364,364,364,364,364,364,364,364,364,214,364,364,364,181,364,364,364,10,364,364,364,364,364,214,214,364,364,364,364,182,364,364,364,183,364,364
364,31,32,33,34,35,36,364,364,364,40,41,42,364,364,364,364,286,290,290,290,290,290,290,290,290,290,290,290,290,290,290,290,291,364,364,364,364,214,364,52,364,364,364,185,31,32,33,34,35,36,87,214,214,364,364,364,364,364,364,364,364,364,364,364
364,53,54,55,56,57,58,364,364,364,62,63,64,284,364,364,364,308,292,315,315,315,315,315,315,315,315,315,315,315,315,315,317,313,364,364,364,364,214,364,74,364,364,364,364,53,54,55,56,57,58,109,236,236,238,238,238,238,238,238,238,236,364,364,364
364,75,76,77,78,79,80,81,82,83,84,85,86,109,364,364,364,330,294,364,364,364,364,364,133,134,135,364,364,364,364,364,294,313,364,182,364,364,214,364,96,182,364,364,364,75,76,77,78,79,80,131,364,364,364,364,364,364,52,364,364,214,364,364,364
364,97,98,99,100,101,102,103,104,105,106,107,108,109,364,364,364,308,294,364,364,182,364,364,155,112,157,364,182,364,364,364,294,335,364,364,364,364,214,364,118,364,364,364,364,97,98,99,100,101,102,153,364,364,364,364,364,364,74,364,364,214,364,364,364
364,119,120,12,12,123,124,125,126,184,128,129,130,131,364,364,364,308,294,364,182,364,181,364,155,112,157,364,364,181,182,364,294,335,364,364,364,364,214,364,140,364,183,364,364,119,120,121,122,123,124,175,364,364,364,364,181,364,96,364,364,214,364,364,364
364,141,142,143,144,145,146,147,148,185,150,151,152,153,364,364,364,308,294,364,364,364,364,364,177,178,179,364,181,187,181,364,294,335,364,364,364,364,214,364,162,364,364,364,364,141,142,143,144,145,146,197,364,364,364,364,364,364,118,364,364,214,364,364,364
364,364,364,165,166,364,364,364,364,364,172,173,174,175,364,364,364,308,314,315,315,315,315,315,315,315,315,315,315,316,315,315,293,335,364,40,41,42,214,364,364,364,364,364,364,364,364,165,166,364,185,364,364,364,364,364,364,364,140,364,364,214,364,364,364
364,364,364,192,192,364,364,364,364,364,194,195,196,197,364,182,364,308,309,310,311,312,309,310,311,312,309,310,311,209,310,311,312,313,364,62,63,64,236,238,238,238,238,238,238,238,238,236,236,181,364,364,364,364,364,364,364,364,162,364,364,214,364,364,364
364,364,364,214,214,364,364,364,52,364,364,185,185,364,364,364,364,330,331,332,333,334,331,332,333,334,331,332,333,231,332,333,334,335,364,84,85,86,109,364,364,364,364,364,364,364,364,236,236,238,238,238,238,238,238,238,238,238,238,238,238,236,364,364,364
364,364,364,214,214,364,364,364,74,364,364,364,52,364,364,364,364,352,353,354,355,356,353,354,355,356,353,354,252,253,254,355,356,357,364,106,107,108,109,364,364,364,364,364,364,364,364,214,364,364,364,364,364,364,364,364,364,364,364,364,364,364,364,364,364
364,364,364,214,214,364,364,364,96,364,364,364,74,364,364,364,364,364,364,364,364,364,364,364,364,364,364,364,274,275,276,364,364,364,364,128,129,130,131,364,364,364,364,364,364,364,364,214,364,40,41,42,364,364,364,364,364,364,364,364,364,364,364,364,364
364,364,364,214,214,364,364,181,118,364,364,364,96,364,364,52,364,364,364,10,364,364,364,364,364,364,52,364,296,297,298,364,364,52,364,150,151,152,153,364,364,364,182,364,364,364,364,214,364,62,63,64,364,364,364,364,364,364,364,364,364,364,364,364,364
364,52,364,214,214,364,364,364,140,364,364,364,118,364,364,74,364,364,31,32,33,34,35,36,87,364,74,364,364,364,364,364,364,74,364,172,173,122,175,364,364,364,364,364,364,364,364,214,364,84,85,86,109,364,364,364,364,364,52,364,183,364,364,364,364
364,74,364,214,214,364,364,364,162,364,364,364,140,364,364,96,364,364,53,54,55,56,57,58,109,364,96,364,364,364,364,364,364,96,364,194,195,144,197,52,364,364,364,364,364,364,364,214,364,106,107,108,109,364,364,364,182,364,74,364,364,364,182,364,364
364,96,364,214,214,364,364,364,364,364,182,364,162,182,364,118,364,364,75,76,77,78,79,80,131,364,118,364,364,364,364,364,183,118,364,185,165,166,364,74,364,364,364,364,364,364,364,214,364,128,129,130,131,364,364,364,364,364,96,364,364,364,364,364,364
182,118,364,214,214,364,364,183,364,364,364,364,364,364,364,140,364,364,97,98,99,100,101,102,153,364,140,364,364,364,364,364,364,140,364,364,364,192,364,96,364,364,364,364,364,364,364,214,364,150,151,152,153,364,364,364,364,364,118,364,364,364,364,364,364
364,140,364,214,214,364,364,364,364,364,364,364,364,364,364,162,364,364,119,120,121,122,123,124,175,181,162,364,364,364,182,364,364,162,364,364,364,214,364,118,364,364,364,364,181,364,364,214,364,172,125,122,175,364,364,364,364,364,140,364,364,364,182,364,364
364,162,364,214,214,364,364,364,181,364,364,364,364,364,364,364,364,364,141,142,143,144,145,146,197,364,364,364,364,364,364,364,364,364,364,364,364,214,364,140,364,364,364,364,364,364,364,214,364,194,195,144,197,364,364,52,364,364,162,364,364,364,364,364,364
364,364,364,214,214,364,364,364,364,364,364,364,364,364,181,364,364,364,364,364,165,166,185,185,364,364,364,364,364,183,364,364,364,364,364,364,364,214,364,162,364,364,364,364,364,364,364,214,364,185,165,166,364,364,364,74,364,364,364,364,364,364,364,364,364
364,364,364,214,214,364,364,364,364,364,364,364,364,364,364,364,364,364,364,0,192,192,364,364,364,364,364,364,364,364,364,364,364,364,364,182,364,214,364,364,364,364,364,364,364,364,364,214,364,364,364,192,364,364,182,96,364,364,181,364,364,364,364,364,364
364,364,364,236,236,238,238,238,238,238,238,238,238,238,238,238,238,238,238,238,236,236,238,238,238,238,238,238,238,238,238,238,238,238,238,238,238,236,238,238,238,238,238,238,238,238,238,236,238,238,238,236,364,364,364,118,364,364,364,364,364,364,364,364,364
364,181,364,364,364,364,364,364,364,364,364,364,364,364,364,364,364,364,364,364,364,364,364,183,364,364,364,364,364,364,364,364,364,364,364,364,364,364,364,364,364,364,364,364,364,364,364,364,364,364,364,364,364,364,364,140,364,364,364,364,364,364,364,364,364
364,364,364,364,364,364,364,364,364,364,364,364,364,364,364,183,364,364,364,364,364,364,364,364,364,364,364,364,364,364,364,364,364,364,364,364,364,364,364,364,364,364,364,364,364,183,364,364,364,364,364,364,364,364,364,162,364,364,364,364,364,364,364,364,364
